176 176 176 176 178 177 176 176 176 176 176 176 176 177 177 176 176 176 178 178 176 176 176 176
176 176 178 178 220 177 176 176 176 176 176 176 176 176 176 176 176 176 176 176 177 178 176 176
176 178 178 178 219 219 220 220 176 176 176 176 176 176 176 176 177 220 219 219 220 177 178 176
176 177 177 178 223 223 223 223 219 220 176 176 177 220 219 223 223 223 223 219 223 177 178 178
177 176 177 178 176 176 223 176 223 177 176 176 176 177 223 176 223 176 176 223 178 176 178 178
177 176 176 176 177 177 177 178 177 176 176 176 176 176 178 176 177 177 177 176 176 176 178 178
178 177 176 176 176 177 178 177 176 176 176 176 176 176 176 177 177 176 176 176 176 177 178 176
177 177 178 178 177 177 177 178 220 220 220 220 220 220 178 176 178 177 177 177 177 178 177 176
176 178 178 177 177 219 219 219 220 220 220 220 220 220 219 219 220 177 177 178 178 177 176 176
176 176 178 177 177 178 223 223 219 219 219 219 219 223 223 176 178 178 178 178 177 176 176 176
176 176 176 178 177 177 177 177 220 220 220 220 220 177 176 176 178 178 178 177 176 176 176 176
176 176 176 176 178 178 177 177 177 178 178 178 177 176 176 178 178 178 177 176 176 176 176 176
176 176 176 176 176 176 176 178 178 178 178 178 178 178 178 178 177 176 176 176 176 176 176 176
